79
2
100 335              
104 329              
108 322              
112 338              
116 333              
120 310              
124 326              
128 316              
132 322              
136 323              
140 319              
144 311              
148 306              
152 308              
156 315              
160 310              
164 297              
168 303              
172 315              
176 291              
180 299              
184 294              
188 296              
192 297              
196 274              
200 267              
204 274              
208 254              
212 257              
216 252              
220 256              
224 252              
228 241              
232 231              
236 239              
240 228              
244 221              
248 223              
252 217              
256 231              
260 203              
264 198              
268 196              
272 182              
276 184              
280 171              
284 168              
288 152              
292 157              
296 145              
300 135              
304 135              
308 120              
312 110              
316 115              
320 114              
324 107              
328 102              
332 94              
336 90              
340 83              
344 85              
348 74              
352 76              
356 67              
360 60              
364 58              
368 51              
372 53              
376 44              
380 36              
384 37              
388 28              
392 24              
396 20              
400 17              
404 8              
408 6              
412 0

